0,664
67,120
67,119
67,118
67,117
67,116
67,115
67,114
67,113
67,112
67,111
67,110
67,109
67,108
67,107
67,106
67,105
67,104
67,103
67,102
67,101
67,100
67,99
67,98
67,97
67,96
67,95
67,94
67,93
67,92
67,91
67,90
67,89
67,88
67,87
67,86
67,85
67,84
67,83
67,82
67,81
67,80
67,79
67,78
67,77
67,76
67,75
67,74
67,73
67,72
67,71
67,70
67,69
67,68
67,67
67,66
67,65
67,64
67,1
66,20
66,19
66,18
66,17
66,16
66,15
66,14
66,13
66,12
66,11
66,10
66,9
66,1
65,9
65,8
65,7
65,6
65,5
65,4
65,3
65,2
65,1
65,0
20,5
20,2
20,1
19,10
19,9
19,1
19,8
13,62
13,60
13,56
13,51
13,27
13,19
13,17
13,16
13,12
13,11
13,2
12,6
12,5
12,2
12,1
11,6
11,5
11,2
11,1
10,30
10,28
10,20
10,16
10,14
8,7
8,6
8,5
8,2
8,1
6,6
6,5
6,2
6,1
5,6
5,5
5,2
5,1
2,5
2,2
2,1
0,399
13,75
13,76
13,21
13,9
13,10
14,8
14,9
14,5
10,11
14,7
14,1
14,6
0,318
15,8
13,25
13,37
13,8
13,128
13,7
13,61
13,1
13,74
10,38
10,5
13,5
10,10
13,6
10,9
10,8
10,7
10,1
10,6
28,10
28,9
28,8
28,7
28,5
28,1
28,6
15,9
15,5
15,7
